1000
55 98 8
78 56 16
14 24 1
95 97 61
48 22 38
40 82 7
41 57 65
95 83 42
35 85 65
68 63 85
73 16 51
84 27 46
53 35 13
86 71 14
79 89 63
20 90 76
4 97 45
33 98 99
36 34 6
7 78 39
11 64 59
62 48 44
59 24 9
84 82 84
97 10 48
39 95 3
70 54 50
40 93 88
26 57 51
14 53 36
21 96 30
20 15 8
76 83 31
50 92 13
22 59 19
57 100 7
85 54 61
24 84 75
66 28 71
37 24 42
25 71 44
22 18 17
97 96 72
10 98 78
87 61 48
52 9 48
73 33 57
80 39 47
32 61 49
45 28 13
18 86 15
44 16 12
28 26 34
20 59 38
70 65 38
58 40 8
15 63 61
65 57 75
38 87 70
67 24 50
27 20 18
93 88 7
3 49 10
60 83 40
41 42 50
51 73 52
47 88 21
29 22 13
30 56 17
2 9 8
90 89 2
28 89 93
7 54 54
66 81 91
92 20 29
92 58 15
26 8 1
77 51 71
96 43 1
35 67 47
65 14 14
90 3 54
85 82 38
35 60 18
52 97 70
52 81 66
36 14 30
82 44 8
92 48 81
2 86 46
72 93 33
30 94 87
40 8 28
63 3 18
41 68 20
52 31 32
80 32 21
43 34 49
1 56 34
18 87 68
31 55 41
38 37 42
87 74 13
86 1 18
8 65 41
46 23 1
74 60 60
86 22 76
15 83 11
33 90 72
47 53 47
61 33 47
71 36 12
90 40 56
28 27 31
30 93 3
7 52 7
18 64 41
61 74 30
89 5 75
17 45 15
24 90 85
94 26 10
72 78 45
47 85 76
3 78 44
80 98 30
82 23 61
4 66 45
1 84 46
2 24 16
25 98 71
13 93 2
6 74 54
81 58 52
64 95 96
55 98 2
96 32 71
14 22 15
68 44 25
6 85 80
2 66 62
3 97 22
66 85 85
42 9 4
20 19 5
65 71 33
11 91 43
99 62 97
19 61 54
94 20 58
45 52 56
24 28 30
7 46 22
66 21 34
29 4 12
18 65 42
32 46 18
48 97 16
76 11 56
79 15 51
83 16 1
70 44 7
76 79 63
76 30 32
51 56 16
41 87 53
42 76 32
99 74 26
95 96 122
19 61 52
87 53 16
18 56 57
50 38 50
67 83 10
53 20 26
33 29 33
36 76 22
43 94 66
21 88 46
31 17 6
50 41 9
93 48 25
21 46 32
54 4 30
81 68 91
72 85 5
13 6 11
90 24 87
49 48 61
42 23 26
13 3 8
78 54 55
77 53 86
45 82 74
66 50 80
100 8 68
45 26 25
74 53 45
83 20 29
64 12 41
99 31 96
14 25 18
14 95 17
45 77 31
89 57 94
14 45 42
41 88 42
50 92 70
30 91 10
11 95 27
14 98 66
22 8 2
80 21 24
56 27 11
52 28 37
84 13 52
34 100 89
40 88 67
11 36 8
96 35 96
31 89 88
71 72 67
9 47 15
54 59 65
20 56 16
32 71 11
57 12 30
98 12 28
51 7 51
21 13 8
95 17 84
24 19 21
100 63 95
21 91 51
23 57 58
5 58 38
28 68 39
54 70 3
95 41 3
83 6 19
87 57 1
75 82 81
57 12 12
97 98 14
19 16 16
3 43 18
72 80 76
36 25 34
45 83 55
2 90 43
69 77 78
45 9 8
69 55 1
1 94 43
77 93 17
8 26 9
86 38 19
95 76 2
17 28 19
82 7 12
55 69 73
81 12 68
43 87 3
19 14 12
42 23 4
97 49 40
39 6 31
49 85 73
27 58 52
28 84 52
72 84 102
86 24 45
91 3 89
56 71 25
62 64 40
51 83 36
92 74 100
46 72 58
10 38 15
41 83 54
23 60 1
61 21 47
78 15 21
8 54 20
60 5 43
75 17 35
98 96 108
13 94 21
90 65 40
28 89 46
79 2 32
59 77 22
23 37 27
59 99 15
95 5 76
45 32 46
75 79 16
14 32 23
67 62 81
16 25 21
49 51 59
70 84 54
77 83 63
86 48 10
82 44 93
22 30 18
27 15 7
81 72 80
28 22 3
18 7 12
93 64 81
100 56 88
87 64 14
28 67 46
60 13 28
17 49 22
10 96 2
2 54 32
54 15 35
50 89 56
25 74 6
42 44 28
45 80 87
64 91 61
39 32 37
85 12 76
36 33 2
48 60 50
38 42 15
96 74 77
60 58 42
6 30 7
39 96 62
18 17 19
53 69 64
76 67 76
60 99 112
76 12 28
80 63 86
63 39 55
30 83 77
21 82 16
46 48 51
42 40 25
59 97 53
1 86 43
45 58 59
90 19 44
43 68 65
34 64 2
9 14 6
44 56 8
49 50 54
73 26 55
62 76 10
59 75 29
68 28 71
89 58 38
43 86 33
87 19 34
53 25 27
39 58 64
36 63 14
54 94 104
78 86 30
53 44 40
57 73 67
17 80 4
23 52 44
67 73 37
81 48 27
74 67 29
12 83 68
92 31 8
6 80 68
39 46 4
12 47 42
15 68 9
50 47 64
98 58 45
10 43 43
30 69 1
69 82 11
21 54 6
72 80 97
95 23 92
45 61 9
7 65 10
40 82 45
39 96 33
99 83 54
35 75 75
47 29 25
49 5 25
15 32 21
26 95 59
11 88 75
77 33 10
11 55 27
81 24 43
83 99 13
69 29 11
30 98 12
35 21 23
85 98 36
15 71 11
82 89 24
32 11 22
63 68 47
61 60 60
65 61 53
66 12 47
85 40 47
74 15 58
50 35 3
21 12 19
68 74 57
38 24 11
49 26 22
62 78 6
40 99 37
60 51 35
94 92 125
29 11 15
39 13 1
45 11 27
58 55 72
60 25 64
34 90 15
71 36 48
43 43 45
26 30 4
47 99 18
12 19 21
74 70 40
39 58 49
16 91 1
54 39 19
83 100 112
56 10 43
33 68 50
93 46 17
26 64 65
91 64 43
66 33 9
84 98 41
19 75 59
48 20 14
14 52 6
97 33 40
99 81 72
43 35 41
43 97 93
88 46 93
67 32 63
58 28 5
65 75 66
38 2 29
92 52 97
41 76 31
74 9 16
31 85 22
82 92 65
33 69 33
50 9 33
53 80 10
53 22 25
90 49 16
5 80 35
50 3 14
47 34 50
48 15 18
12 78 7
80 6 9
75 61 7
42 32 52
69 36 37
78 90 54
85 45 92
20 31 32
46 88 73
98 41 98
55 24 8
22 35 27
5 98 86
23 25 23
7 54 45
81 13 16
53 45 12
85 44 52
22 34 21
69 49 70
92 19 72
54 60 78
82 83 28
40 92 22
80 51 82
86 44 60
92 7 36
72 66 73
68 13 2
9 64 8
64 100 88
86 28 25
13 3 3
72 12 3
32 4 1
100 14 61
83 83 29
19 44 25
52 91 74
77 7 77
4 76 35
70 58 14
13 73 42
25 28 2
68 71 1
2 70 60
63 99 77
45 69 68
22 32 10
90 62 84
78 71 26
67 14 59
94 8 14
7 58 10
21 62 43
29 100 50
1 5 2
43 78 12
30 34 25
58 71 16
77 12 45
79 35 26
21 19 1
31 14 1
78 88 109
39 26 26
17 56 39
33 68 12
11 42 7
29 88 80
78 51 22
14 66 64
8 10 10
32 90 87
58 70 10
60 2 37
36 93 30
12 84 34
76 35 26
72 8 70
36 14 37
69 20 2
69 77 5
6 40 17
38 100 62
28 79 80
57 20 14
52 40 28
95 45 42
3 8 5
8 68 60
18 64 14
23 76 22
60 74 80
5 95 49
69 83 20
42 55 32
11 20 3
91 59 10
25 16 15
75 98 17
93 33 66
40 99 86
40 72 34
92 86 18
11 27 8
65 30 44
37 8 22
59 65 39
32 50 36
73 83 44
83 83 110
89 77 112
47 17 29
83 63 100
44 19 39
54 41 23
67 81 86
57 7 29
90 17 13
20 32 25
32 92 81
56 38 59
88 86 23
55 33 9
78 75 2
33 91 20
5 16 8
92 14 45
31 41 40
80 71 94
90 24 71
94 91 33
93 30 33
15 4 11
30 37 6
100 80 52
25 34 16
8 60 20
6 4 5
29 38 8
11 60 30
84 7 15
51 43 4
20 69 25
61 57 37
46 86 65
88 7 79
68 14 30
94 57 48
89 58 15
77 28 81
45 24 49
56 33 57
16 32 11
38 23 37
24 57 33
78 67 23
73 81 92
75 17 52
73 1 54
33 89 68
45 38 32
87 35 39
50 22 45
59 42 44
26 96 55
51 94 84
97 83 100
5 16 2
17 86 41
17 78 9
92 77 34
29 3 9
35 11 2
80 55 61
28 33 42
98 90 51
73 58 82
11 22 1
39 93 94
70 80 38
48 47 26
92 14 9
89 43 70
28 67 19
84 36 9
99 73 17
99 26 73
49 41 46
70 51 32
82 28 31
49 81 35
24 78 39
21 36 22
25 39 2
85 37 52
87 39 64
92 47 69
40 79 57
48 37 57
49 13 14
93 43 74
13 9 12
53 3 52
96 80 48
10 89 54
50 48 9
78 95 83
94 51 12
31 8 9
24 56 42
98 24 79
65 49 81
14 46 36
53 19 49
55 31 51
38 30 26
38 84 30
38 30 8
19 94 21
13 49 5
40 46 47
4 65 34
100 51 109
48 9 42
82 82 59
63 34 62
62 56 21
80 82 20
68 80 45
9 68 57
6 100 58
100 11 40
19 50 37
90 56 60
27 30 32
62 38 25
82 26 42
79 100 75
66 83 103
79 99 50
84 77 41
16 33 8
44 60 48
48 23 9
28 53 11
29 85 18
22 63 3
55 20 25
60 16 19
72 6 55
35 44 1
22 86 39
64 6 57
50 62 66
97 30 96
72 93 112
63 75 96
93 83 121
60 32 14
57 91 21
67 63 63
7 63 23
61 14 19
48 64 17
66 73 32
90 94 128
28 99 73
11 60 45
9 5 2
27 53 49
86 85 101
16 20 7
63 33 39
95 14 30
22 72 32
84 49 45
44 14 7
31 91 57
9 86 29
88 90 12
59 38 40
14 40 41
12 9 8
66 16 30
28 10 18
61 52 19
91 97 14
83 22 37
18 44 33
32 88 71
59 43 34
51 54 13
4 77 31
87 63 4
99 77 20
33 18 31
88 79 72
86 58 65
14 67 60
46 8 8
64 89 84
82 46 51
54 71 21
97 51 98
75 4 12
46 16 48
83 11 23
46 9 3
21 10 19
55 83 15
76 11 21
93 35 96
88 2 18
37 12 14
21 31 14
6 8 8
43 65 19
89 13 81
89 32 2
56 68 16
79 90 37
68 7 3
56 21 35
48 83 64
35 24 9
99 5 26
76 17 37
15 71 30
49 81 9
88 70 38
52 6 10
47 27 39
20 81 83
74 59 73
45 81 37
80 44 26
50 30 52
17 90 65
95 41 17
40 17 4
74 45 34
19 59 36
25 10 12
34 13 12
84 62 11
51 90 61
53 86 4
9 15 3
24 79 66
84 14 82
10 12 12
17 76 60
66 44 47
7 9 10
13 55 34
49 9 25
56 84 7
11 24 10
42 47 57
7 43 8
34 45 19
86 88 116
40 92 88
74 98 56
95 57 12
87 33 67
47 16 8
78 3 32
84 21 65
81 15 79
28 24 17
69 60 87
34 16 33
2 4 4
39 78 73
32 17 14
89 31 52
39 87 31
59 62 56
87 4 34
51 5 41
24 8 1
90 87 122
77 6 73
5 44 21
58 68 2
86 23 56
17 66 42
45 43 3
99 96 130
22 64 45
75 27 79
60 1 40
72 63 50
59 78 92
73 14 15
94 91 116
47 13 35
99 13 81
41 29 20
74 20 24
71 36 49
73 97 45
90 31 72
76 1 9
61 40 6
3 84 2
82 72 43
88 35 43
23 24 6
71 82 23
81 82 102
1 5 2
38 52 20
44 63 47
38 40 20
28 40 9
84 83 69
30 23 30
2 77 21
61 16 16
45 49 17
73 91 116
79 85 58
58 18 44
30 42 14
60 2 8
87 65 88
84 16 47
31 99 24
25 20 11
87 9 47
1 3 1
38 57 47
63 13 32
98 55 5
92 100 128
22 88 17
47 21 8
56 98 13
72 73 24
28 95 67
30 45 29
91 98 8
87 41 88
87 46 27
25 31 14
77 78 51
82 89 9
21 50 3
70 73 65
16 88 67
5 17 15
24 19 12
42 60 19
59 57 64
80 47 76
65 95 25
21 75 64
77 93 17
15 63 58
31 45 48
58 39 22
78 32 20
82 47 27
1 84 84
89 25 32
98 64 54
79 21 38
94 26 80
47 48 27
8 52 43
30 15 21
13 60 35
2 17 15
29 63 2
51 56 67
19 11 14
77 23 19
89 76 77
34 70 4
4 56 16
65 76 52
18 83 61
63 5 28
64 70 49
35 61 58
86 10 86
28 32 21
12 93 38
22 60 10
29 23 2
91 37 87
4 53 5
17 24 11
17 6 18
11 94 47
61 95 52
94 73 95
18 82 10
8 59 37
39 43 16
56 24 4
64 64 76
1 54 1
99 27 61
33 31 9
42 77 10
77 78 7
5 5 5
44 51 6
10 95 21
28 100 7
44 84 12
89 16 63
38 22 29
16 71 53
19 50 1
42 12 1
96 4 53
78 68 22
73 55 63
25 73 74
75 76 28
26 13 17
